1976-12-29 -8 17 -30.8667159695171
1976-12-31 -8 17 -30.8667159695171
1977-1-11 -11 17 -34.7492533254248
1977-1-12 -7 18 -30.1326129250177
1977-1-15 -9 18 -32.7333313621575
1977-1-16 -18 22 -46.687577360297
1977-1-17 -11 16 -34.1348103174327
1977-1-28 -13 29 -43.1361309659555
1978-1-9 -5 25 -30.7787553180587
1978-1-10 -6 23 -31.2659129928758
1979-1-2 -11 21 -36.9381117802128
1979-1-3 -11 18 -35.3340497992974
1979-1-6 -11 15 -33.4872157637405
1979-1-14 -12 26 -40.5684245857799
1979-1-15 -17 14 -40.4439024907463
1979-2-5 -15 14 -37.8966952697412
1981-2-12 -6 25 -32.1157501817596
1982-1-9 -15 26 -44.5929213942745
1982-1-10 -20 29 -52.615455469148
1982-1-16 -15 23 -43.213528162916
1982-1-17 -15 58 -54.319913668778
1982-2-6 -9 21 -34.3034900492423
1983-12-22 -10 17 -33.4550742067889
1983-12-23 -15 23 -43.213528162916
1983-12-24 -18 25 -48.1596885461711
1983-12-25 -12 18 -36.6344090178673
1984-1-20 -11 16 -34.1348103174327
1984-1-21 -15 24 -43.6893013760497
1985-1-19 -19 21 -47.4765987040946
1985-1-20 -23 21 -52.7458421660355
1987-1-24 -2 58 -35.5982986029201
1988-1-4 -7 29 -35.0109956775049
1988-1-5 -9 20 -33.8023246544525
1988-1-6 -10 15 -32.2063737950365
1989-12-21 -11 21 -36.9381117802128
1989-12-22 -10 13 -30.8090219504906
1994-1-14 -7 23 -32.5934257895469
1994-1-15 -16 21 -43.5246661076389
1994-1-16 -13 17 -37.3376115626966
1994-1-17 -8 23 -33.9209385862181
1994-1-18 -19 23 -48.5235793496005
1994-1-19 -18 16 -43.1486103267008
1996-2-2 -13 17 -37.3376115626966
1996-2-3 -17 16 -41.8609246110911
1996-2-4 -12 17 -36.0434324440607
1997-1-16 -4 29 -30.9484280332795
1999-1-4 -8 17 -30.8667159695171
1999-1-5 -15 15 -38.6105836385566
2007-2-3 -5 29 -32.3026172480213
2007-2-5 -9 16 -31.5594388862133
2008-12-21 -5 31 -32.9992252132773
2009-1-15 -13 15 -36.0488997011486
2009-1-16 -17 13 -39.6704416428539
2014-1-6 -15 29 -45.8445093954391
2014-1-7 -11 18 -35.3340497992974
2014-1-24 -6 32 -34.699289665382
2014-1-27 -7 26 -33.8609299049554
2014-1-28 -11 18 -35.3340497992974
2015-1-8 -7 29 -35.0109956775049
1976 2
1977 6
1978 2
1979 6
1981 1
1982 5
1983 4
1984 2
1985 2
1987 1
1988 3
1989 2
1994 6
1996 3
1997 1
1999 2
2007 2
2008 1
2009 2
2014 5
2015 1
